p0: [ 0.88  0.    0.    0.    0.04  0.    0.09  0.  ]

Tr: [[  6.02e-01   3.41e-02   1.21e-01   3.68e-02   1.03e-01]
	 [  4.61e-01   2.19e-02   4.18e-02   2.53e-02   4.52e-02]
	 [  8.54e-02   3.56e-03   8.15e-01   4.90e-03   5.42e-03]
	 [  1.61e-01   7.77e-03   2.13e-02   7.03e-01   3.13e-02]
	 [  5.62e-02   5.89e-04   7.56e-04   3.39e-03   9.18e-01]]

Ob: [[ 0.06  0.01  0.07  0.05  0.03]
	 [ 0.05  0.02  0.05  0.04  0.05]
	 [ 0.06  0.02  0.03  0.05  0.06]
	 [ 0.09  0.01  0.08  0.09  0.04]
	 [ 0.12  0.01  0.05  0.09  0.04]]

P(x6|o(0)) = [  7.39e-02   4.83e-03   1.59e-01   3.39e-02   
				 6.79e-01   1.62e-05 4.85e-02   1.47e-04]

P(x9|o(2)) = [  6.54e-02   3.77e-03   4.31e-02   4.43e-02   
				7.96e-01   1.12e-05	  4.76e-02   4.99e-05]

-929.182828473
