# Prediction, Target
-3.5584,-3.5900
-3.5840,-3.3240
-0.2046,0.2600
-2.3689,-3.2700
-1.9197,-1.5700
-1.2954,-1.8030
-0.0683,0.3580
-4.1786,-4.6200
-1.6999,-0.8300
-2.2415,-1.4700
-1.3681,-1.2400
-1.6132,-2.2100
-2.4755,-2.9200
-0.9023,0.1100
-1.7322,-0.6240
-6.5503,-8.0170
-1.5550,-0.6200
-0.8425,0.4700
-2.4599,-1.6800
-1.5965,-3.1800
-2.7582,-3.3200
-1.6642,-0.7300
-1.0397,0.0090
-1.5269,-2.8780
-0.0845,-1.9900
-6.1416,-5.2930
-0.0683,-0.2440
-5.9203,-3.8960
-2.5998,-3.9600
-1.6972,-0.6000
-2.1102,-2.9280
-4.7933,-4.4600
-3.0058,-0.3640
-5.5541,-5.9310
-1.5115,-1.0300
-1.2300,-1.2200
-2.1738,-2.0000
-3.8345,-2.9000
0.0000,-0.6670
0.0000,0.5220
-4.9843,-4.7000
-2.6422,-2.7300
-2.7597,-4.7400
0.0000,-0.9000
-1.7658,-2.3500
-3.4849,-2.4800
-2.1812,-1.5600
-4.0338,-4.0400
-0.0672,0.1500
-0.2733,1.0200
-3.1601,-2.4600
-0.0049,0.9600
-3.9057,-2.6000
-2.3356,-3.5200
-4.6992,-3.7960
-2.3310,-3.8500
-2.5690,-3.4200
-5.2125,-5.8900
-2.9235,-2.6170
-2.0393,0.5230
-0.8328,0.1000
-1.2078,-1.9600
-3.8736,-4.2900
-1.9119,-1.7000
-1.5395,-0.8900
-1.5476,-2.3700
-3.5094,-1.9900
-4.5077,-3.6040
-7.7502,-8.6000
-4.5141,-4.8000
-6.4910,-6.2370
-1.5059,-0.8500
-4.4711,-4.5500
-1.0440,-2.5500
-0.9841,-3.3640
-4.8905,-4.6900
-1.9862,-2.7800
-7.1598,-7.8000
-0.8930,-1.8860
-2.6656,-4.7400
-2.2214,-2.6800
-2.7063,-2.0000
-3.4460,-2.0900
-1.3074,-1.8990
-4.9423,-5.6700
-2.4366,-2.5600
-2.8265,-3.8200
-2.6541,-3.3800
-2.6739,-3.1100
-5.0755,-5.6500
-4.2157,-4.8900
-3.4965,-4.0800
-2.8163,-2.5500
-5.5022,-5.5300
-2.6031,-4.7350
-1.8836,-0.7100
-6.9846,-8.6990
-5.5030,-8.0400
-2.5229,-1.6400
-3.3736,-2.3400
-3.6881,-4.1100
-0.5226,-0.8070
-1.6404,-1.2900
-6.9072,-5.6400
-3.6184,-4.2860
-7.3408,-7.0200
-1.7265,-1.9200
-0.9318,0.3600
-3.5665,-4.4400
-4.0384,-4.3500
-2.9503,-3.4600
-0.5725,-0.4100
-1.0664,-1.0600
-3.9089,-4.7200
