classes 1
ONN_OUTPUTS_NUMBER 1
ONN_HIDDEN_UNITS 5 5 5 5 5 5 5 5 5 5 5 5 5 5 5 5 5 5 5 5
MNN_OUTPUTS_NUMBER 3 4 5 6 7 8 9 10 11 12 3 3 3 3 3 3 3 3 3 3
MNN_HIDDEN_UNITS 7 7 7 7 7 7 7 7 7 7 3 4 5 6 7 8 9 10 11 12
seed 10 11 12 13 14 15 16 17 18 19 20 10 10 10 10 10 10 10 10 10 10
epsilon 0.01 0.01 0.01 0.01 0.01 0.01 0.01 0.01 0.01 0.01 0.01 0.01 0.01 0.01 0.01 0.01 0.01 0.01 0.01 0.01
nEpochs 10 0 
batchBlocks 25
folds 10
epsilonMin 0.001 0.001 0.001 0.001 0.001 0.001 0.001 0.001 0.001 0.001 0.001 0.001 0.001 0.001 0.001 0.001 0.001 0.001 0.001 0.001 0.001
epsEpoch 25
properties 1
