# Prediction, Target
nan,-1.9600
nan,-5.1900
nan,-3.6850
nan,-1.7400
nan,-6.0100
nan,-0.7800
nan,-3.3700
nan,-0.0920
nan,-1.6300
nan,-1.9470
nan,-1.5900
nan,-0.4000
nan,-1.6610
nan,-4.1100
nan,-1.9200
nan,-6.3900
nan,-4.2100
nan,-7.9200
nan,-0.4660
nan,-0.8500
nan,-1.1100
nan,-4.1300
nan,-2.3500
nan,-1.2200
nan,0.7400
nan,-3.0940
nan,-1.4560
nan,-4.5300
nan,-3.9270
nan,-1.4500
nan,0.1500
nan,-2.8400
nan,-2.0600
nan,-5.2700
nan,-3.1800
nan,-5.2590
nan,-1.2800
nan,-3.8500
nan,-3.1200
nan,-1.7300
nan,-4.0000
nan,-1.9300
nan,-2.1000
nan,0.6200
nan,-0.8300
nan,-1.7700
nan,-3.5400
nan,-4.0460
nan,-0.6000
nan,-2.8310
nan,-3.0300
nan,-2.3490
nan,-5.2930
nan,-2.8600
nan,-5.0000
nan,-0.8000
nan,-3.4990
nan,-3.8500
nan,-4.5000
nan,-0.8900
nan,-1.8000
nan,-0.4700
nan,-4.2200
nan,-0.7200
nan,-1.8500
nan,-7.4200
nan,-3.8960
nan,-2.1800
nan,-3.1300
nan,-2.6920
nan,-2.5700
nan,-3.2200
nan,-2.0000
nan,-4.0000
nan,-0.5900
nan,-2.4040
nan,-2.2810
nan,0.3600
nan,-3.1400
nan,-3.8000
nan,-4.0300
nan,-1.6010
nan,-0.0100
nan,-1.9400
nan,-4.8000
nan,-4.3100
nan,-6.3070
nan,0.4300
nan,-1.1700
nan,-4.9250
nan,0.7150
nan,-4.1730
nan,-2.3370
nan,-4.4450
nan,-0.7200
nan,-6.2500
nan,-6.1400
nan,-3.8930
nan,-1.1900
nan,-3.5350
nan,0.0000
nan,-6.0250
nan,0.4700
nan,-0.7000
nan,-2.2400
nan,-6.1760
nan,-1.3000
nan,-4.0470
nan,-4.4000
nan,-3.6600
nan,-3.4510
nan,-3.8100
nan,-1.5060
nan,-2.4600
