-3.59 -3.3248
0.06 -2.35876
-2.51 -4.34205
-3.04 -2.38649
-3.754 -8.16785
-1.04 -1.4106
0.32 -0.853865
-5.22 -6.06535
-1.19 -1.71885
-0.17 -3.09391
-0.985 -3.25669
-1.24 -3.33466
-0.5 -3.33466
-3.01 -5.36932
-4.6 -4.86931
-1.48 -1.79904
-4.12 -5.36932
-2.616 -2.62545
-0.92 -1.8217
-0.6 -1.32156
-3.24 -4.10836
0.11 -2.65643
-0.82 -1.70658
-0.4 -0.553037
-0.83 -1.50572
0.7 -1.3754
-4.047 -8.19659
-3.028 -3.53145
-2.22 -4.69482
-0.62 -2.58735
-4.81 -4.01288
-6.01 -7.00391
-1.04 -3.33466
-1.81 -4.01288
-5.666 -3.89235
-4.26 -4.62248
-2.1 -1.55403
-2.766 -3.18218
-1.17 -0.664432
-1.29 -3.31858
-4.9 -5.12942
-0.42 -1.6103
-3.15 -3.14891
-8.56 -7.02133
-1.33 -2.1517
-1.807 -1.84134
-4.93 -9.3862
-4.8 -7.40399
-3.19 -2.63537
-2.18 -2.39912
-2.68 -1.41152
-1.3 -1.51591
-3.483 -3.19462
-2.11 -4.6911
-2.982 -3.65309
-0.92 -4.01288
-1.99 -2.73495
0.38 -1.83721
-3.27 -2.76388
-0.43 -1.28826
-3.23 -2.65643
-4.48 -2.17381
-2.85 -3.18125
-2.253 -3.48872
-3.59 -6.70677
-2.369 -3.83615
-3.658 -3.07346
0.58 -0.886505
-3.13 -3.21797
-2.15 -2.14401
-6.34 -4.18582
-1.21 -1.70908
-2.111 -4.63024
-2.12 -1.69644
-3.999 -9.12426
-0.31 -0.970013
-0.29 -2.65643
-4.571 -9.96834
-3.021 -3.98606
-1.96 -3.57179
-3.06 -3.04387
-0.854 -2.06756
-1.83 -2.37617
-3.536 -3.20589
-3.31 -3.31285
-5.56 -2.50219
-2.28 -4.07942
-2.647 -3.21269
-7.92 -6.43688
-1.601 -7.35807
-4.16 -3.59535
-4.29 -5.71754
-5.282 -8.29668
-2.16 -2.93859
-4.21 -2.56123
-4.081 -12.8109
-2.337 -3.76844
-6.68 -6.65296
-0.22 -1.00359
-1.97 -2.3925
-0.972 -1.81618
-5.03 -5.66064
-1.456 -1.93496
1.34 -0.667131
-1.45 -2.46101
-6.005 -13.0672
-5.47 -4.24748
-5.27 -5.62371
-6.39 -5.73181
-0.85 -2.87539
-2.38 -1.48056
-8.172 -12.1516
0.64 -2.27362
-0.8 -1.12379
-4.26 -3.33466
-1.87 -1.61902
-5.14 -3.87733
-0.63 -0.660328
-4.71 -8.84128
-3.224 -5.20659
-1.3 -2.32152
-1.24 -1.29999
-8.4 -11.4733
-5.85 -6.4995
-0.7 -2.48614
-4.63 -6.22374
-3.46 -3.19462
-2.077 -2.69409
-8.04 -6.88136
-3.4 -3.13939
-1.22 -1.55867
-3.85 -3.87399
-7.32 -11.2984
-2.09 -0.860006
-3.63 -6.04755
-1.6 -2.30939
-2.57 -1.29999
-2.39 -3.07213
-3.1 -2.47579
-4.22 -4.86985
-8.402 -5.93933
-0.62 -1.36833
-2.67 -1.97269
-3.583 -2.10008
-8.49 -8.05581
-2.55 -3.34247
-3.54 -2.84721
-1.72 -4.6911
-1.11 -3.33466
-3.65 -2.65643
-3.21 -2.30654
-3.66 -4.01288
-0.99 -1.04066
-2.863 -4.16619
-4.69 -6.09787
-5.4 -8.40061
-2.56 -1.30615
-1.4 -1.5166
-2.68 -3.17792
-3.37 -3.5363
-1.85 -1.87204
-1.59 -1.29999
-1.661 -2.49661
-1.64 -1.00545
-5.53 -3.80221
-6.57 -3.71582
-3.18 -2.49334
-3.0 -3.02679
-3.12 -2.73372
-0.88 -1.79842
0.81 -1.44252
-1.6 -1.88294
-4.0 -4.01288
-2.73 -1.30592
-1.06 -1.20544
-3.8 -3.09494
-0.51 -2.65643
-0.7 -1.39306
-4.63 -5.57069
-6.09 -3.59919
-2.7 -2.75915
-0.47 -2.65643
-0.9 -0.446379
-6.98 -3.37807
-2.77 -3.04335
1.02 -1.38569
-6.89 -4.74037
-3.7 -3.91092
-5.27 -5.71404
-1.716 -3.51133
-4.64 -5.97446
-1.52 -4.01288
-3.77 -3.27935
-6.25 -5.91467
-2.46 -4.00378
-0.04 -0.756151
-5.16 -4.01288
0.74 -2.24679
-3.81 -3.33466
0.43 -1.29999
-1.74 -6.04755
-1.0 -2.80283
-0.7 -1.15059
-0.78 -1.49715
-0.6 -2.86627
-4.25 -4.01288
1.02 -1.26466
-1.62 -1.26578
-8.003 -6.67778
-4.23 -3.33466
-1.68 -1.19984
-3.38 -3.77037
-3.96 -2.29545
-1.64 -0.796802
-3.51 -3.33466
-6.14 -5.94626
-5.08 -4.01288
-2.78 -1.37018
-7.0 -10.1169
-5.25 -6.09621
-6.27 -5.91467
0.62 -1.29999
-2.13 -4.6911
-0.01 -1.36461
-2.32 -2.2843
-1.41 -1.29999
-0.82 -1.03043
-6.34 -4.18582
-1.71 -1.11284
-3.27 -7.647
-5.05 -4.6911
-1.99 -3.2586
-2.09 -4.6911
-4.24 -3.38149
-2.93 -4.18371
-8.6 -7.35594
-4.62 -3.86715
-3.953 -3.92822
-5.66 -9.41003
-0.092 -1.23758
-5.47 -4.47966
-8.23 -6.92736
-1.6 -0.621763
-2.73 -1.36461
-3.21 -3.83123
-3.37 -2.56431
-6.47 -7.63026
-0.1 -1.40881
-4.679 -4.34221
-7.39 -6.36117
-0.02 -0.804318
-3.01 -3.33466
-0.66 -1.14628
-8.176 -6.05235
-3.74 -2.65643
-4.07 -5.32362
-4.55 -3.89841
-3.127 -3.0365
-0.67 -1.61886
-6.18 -4.5217
-2.8 -4.02404
-3.77 -5.02566
-2.4 -1.73849
-1.458 -1.8049
-2.35 -6.04755
-6.523 -7.05924
-5.28 -6.09621
-7.42 -8.68673
0.715 -3.27504
-6.35 -4.60378
-1.17 -3.33466
-7.337 -6.74588
-5.19 -5.36932
-4.62 -5.49122
-1.08 -4.01288
-1.85 -1.81586
-0.09 -0.834315
-0.28 -0.984416
-3.504 -2.65363
-6.2 -7.42189
-6.237 -5.71216
-2.05 -1.3407
-4.0 -3.08038
-2.58 -2.12596
-2.084 -3.46303
-0.4 -2.65643
-5.06 -4.6911
-2.0 -1.71612
-9.018 -9.82156
-4.28 -3.33466
-1.28 -2.18419
-3.28 -4.45077
-2.29 -2.83584
0.522 -1.17874
-5.736 -3.87163
-2.218 -4.10641
-4.411 -3.41192
-2.74 -5.36932
-3.8 -3.4966
-6.59 -7.20248
-1.45 -2.37832
-1.6 -2.04976
-3.3 -4.50538
-0.89 -3.33466
-0.59 -1.29999
-3.4 -3.43549
-1.93 -3.10835
-6.876 -6.96435
-1.56 -5.87106
-0.77 -1.59523
-1.52 -1.51275
-1.06 -1.86799
1.12 -1.04849
-4.59 -3.83007
-3.04 -2.57071
0.15 -2.65643
-1.25 -2.10015
-4.35 -3.9428
-0.96 -1.73083
-7.25 -7.37637
-3.43 -6.12712
-2.89 -3.17638
-3.2 -2.13768
-2.58 -3.82716
-2.46 -3.57179
-4.69 -4.54621
-11.6 -8.76976
-6.35 -9.43866
-1.37 -1.38779
-3.39 -3.15208
-1.16 -2.24138
-3.955 -5.66474
-1.5 -1.58451
-3.68 -5.82246
-7.2 -10.1688
-3.08 -2.65643
-4.907 -5.53857
-1.6 -1.65234
-2.23 -2.58735
-2.596 -4.78692
-8.0 -8.62169
-2.82 -5.75521
-4.17 -5.47645
-3.68 -2.65643
-5.19 -3.31593
-3.14 -3.16373
-1.09 -1.491
-2.943 -2.87754
-3.96 -3.83909
0.54 -1.70674
-3.11 -5.03414
-7.15 -8.18223
-4.1 -3.80175
-5.21 -5.25503
0.651 -2.71764
-3.1 -1.76272
-8.71 -7.55836
-3.37 -3.93211
-2.03 -0.901139
-6.49 -4.02954
-4.43 -4.01288
-0.8 -1.40788
-8.699 -8.28612
-4.07 -2.56635
1.07 -1.17288
-3.42 -3.54234
-1.73 -1.29999
-1.52 -3.33466
-5.071 -5.84809
-4.47 -5.62882
0.1 -1.97821
-3.12 -3.33466
-4.36 -3.33466
-1.077 -1.50993
-0.41 -1.11398
-7.32 -6.48774
-5.259 -8.69145
-2.34 -3.91675
-0.19 -0.952244
-6.317 -7.31177
-3.61 -2.89556
-5.507 -11.0867
-1.877 -4.01991
-4.89 -5.03251
-1.75 -1.56594
-2.658 -3.21761
-1.84 -3.13626
-4.432 -5.25693
-2.36 -3.69896
-6.26 -6.56891
-3.785 -3.39998
-6.301 -6.56538
-4.88 -7.03817
-1.708 -2.8476
-3.73 -3.33466
-1.99 -2.65643
-1.06 -0.660328
-0.95 -2.44615
-6.29 -4.5217
-9.15 -7.00939
-0.6 -2.65643
-4.14 -3.23251
-2.322 -3.48528
-7.39 -7.21732
-3.84 -2.65643
-3.01 -1.11652
0.36 -1.13657
-1.28 -1.76539
-2.18 -1.97821
-3.05 -3.1768
-1.16 -1.72004
-4.3 -4.01288
-3.67 -3.28229
0.46 -0.681341
-8.334 -16.2209
-1.74 -1.89448
-4.38 -3.77656
-1.24 -2.35698
-4.955 -5.83714
-5.24 -5.57582
1.58 -0.705442
-1.64 -1.97821
-2.55 -1.98503
-1.8 -1.11833
-2.06 -1.75705
-2.468 -3.44484
-4.04 -3.20628
-0.85 -0.804848
0.45 -2.76998
-5.41 -12.7768
-2.86 -4.04036
-5.89 -5.0272
-2.58 -1.37157
-1.01 -1.08224
-0.71 -3.33466
-7.92 -3.90743
0.52 -0.812275
-8.4 -9.43866
-0.68 -1.95177
-1.36 -0.569328
-2.39 -3.11436
-4.873 -3.64042
-5.27 -2.58554
-3.924 -3.48265
-3.571 -7.64604
-3.664 -4.39193
-2.64 -1.97821
-6.86 -9.12182
-4.286 -3.45787
-1.85 -6.04755
-3.24 -3.95645
-3.0 -1.93741
-5.84 -8.76044
-1.79 -2.0738
-9.332 -8.49553
-4.57 -3.03543
-1.4 -1.99138
-1.85 -2.44703
-4.08 -3.40594
-4.4 -4.25165
-2.35 -4.07468
-5.613 -7.21992
-3.26 -3.51993
-2.74 -2.80756
-4.74 -4.01288
-3.896 -4.85963
-7.68 -8.82071
-5.64 -5.5173
-1.06 -1.88411
-1.899 -2.69468
-2.68 -2.24429
-3.55 -2.09031
-1.47 -1.50119
-6.62 -3.4634
-5.6 -2.21575
-4.099 -7.55675
-6.0 -5.89692
-0.72 -1.13994
-7.92 -9.58889
0.15 -0.802522
-1.92 -3.89152
-5.43 -3.21173
-1.29 -1.14943
-7.278 -7.48501
-4.8 -4.01288
-4.445 -8.36088
-5.21 -6.72577
-0.79 -0.569328
-8.94 -9.08534
-4.95 -3.88532
-4.29 -3.35603
-6.96 -6.6914
-1.62 -1.70613
-7.02 -5.42636
-2.42 -1.23074
-1.886 -2.10604
-0.15 -1.42754
-1.3 -3.33466
-4.402 -12.357
-1.742 -1.91456
-3.05 -2.54539
-1.55 -4.01288
-0.8 -1.68518
-2.67 -2.40254
-4.38 -2.90974
-1.96 -4.96041
-4.594 -3.36386
-2.148 -2.61452
-2.77 -3.05837
-3.08 -2.63607
-6.57 -6.75583
-2.42 -3.92807
-3.9 -5.0025
-8.017 -5.956
-5.886 -4.47124
-2.692 -2.86132
-2.17 -3.52626
-1.8 -4.73659
-0.83 -1.39421
-2.461 -3.39266
-4.19 -10.7066
-3.094 -3.66863
-1.23 -3.30742
-4.57 -3.13534
-1.38 -1.54732
-2.84 -5.11599
-5.115 -7.06593
-2.1 -2.62545
-5.0 -5.01773
-2.59 -2.81203
-0.46 -2.33097
-4.735 -4.44969
-2.36 -2.48285
-1.94 -0.970522
-4.73 -3.40079
-4.37 -4.43603
-5.35 -7.8406
-3.18 -1.97821
-3.499 -4.36502
-2.23 -2.9138
-0.12 -2.97322
-0.74 -1.68518
-3.586 -5.45646
-0.63 -0.913887
0.51 -3.05837
-3.5 -2.5438
-2.94 -6.72577
-1.614 -2.05984
-2.518 -4.83507
-3.168 -3.33805
-4.5 -2.33419
-3.39 -2.70488
0.38 -1.90811
-6.96 -6.38842
-1.11 -2.27962
-3.81 -3.79103
-4.86 -3.28948
-4.53 -3.8638
-0.45 -0.651442
-3.88 -7.27623
-3.817 -5.59897
-3.927 -3.30677
-2.33 -0.941295
-2.96 -1.97821
-0.49 -3.33466
-2.53 -6.04755
-3.52 -2.58735
-2.43 -1.97821
-2.0 -2.07527
-0.66 -0.925843
-4.14 -3.94559
-5.17 -5.8798
-5.46 -4.84508
-0.77 -6.22033
-2.32 -4.96041
-4.3 -5.86211
-6.02 -4.28604
-6.57 -7.36969
-1.25 -1.5283
-7.43 -7.14425
-2.73 -2.65643
-4.44 -4.01288
-3.45 -6.53869
-3.27 -2.56857
-4.632 -4.78349
-0.62 -0.891639
-1.29 -2.16105
-2.82 -2.20419
-2.266 -2.00433
-3.27 -4.37141
-4.89 -6.61697
-6.124 -4.50376
-0.876 -2.56501
-3.48 -4.61794
-1.9 -0.809321
-5.293 -14.7033
0.009 -2.10593
-4.678 -4.65166
-5.51 -5.36932
-5.931 -4.84357
-0.89 -0.660328
0.35 -2.42659
-1.55 -2.11404
-2.21 -2.09189
-4.4 -4.9434
-1.11 -2.65489
-4.45 -2.55094
-4.43 -4.98665
-5.64 -7.33558
-1.3 -0.794939
-1.995 -2.53946
-3.55 -2.65643
-0.17 -1.67981
0.26 -0.621763
-3.48 -2.27397
-3.15 -2.67386
-4.71 -6.0425
-0.72 -3.33466
-1.19 -1.31951
-2.78 -2.59439
0.39 -1.09404
-2.34 -0.665627
-1.14 -3.33466
-4.06 -5.36932
-3.43 -3.99818
-3.64 -3.87071
-3.59 -2.2713
-6.56 -5.93879
-6.637 -5.88784
-5.19 -9.50642
-4.23 -2.79517
-0.244 -4.33212
-2.64 -2.33756
-3.04 -3.86151
-2.925 -7.5282
-3.538 -9.23847
-1.655 -2.25842
-5.839 -8.16102
-1.13 -3.55604
-3.35 -4.32247
-3.15 -2.77321
-3.93 -3.92208
-2.296 -2.18763
-3.364 -2.87282
0.523 -3.17832
-0.91 -2.5477
-2.63 -3.19973
-0.6 -0.621763
-2.54 -1.64874
-2.92 -2.47401
-2.17 -2.76389
-2.06 -4.47095
0.57 -0.733474
-3.67 -3.19309
-0.36 -1.32666
-2.08 -2.55133
-4.194 -4.55994
-4.445 -5.30622
0.38 -1.21935
-1.75 -0.681659
-0.364 -6.32603
-5.05 -4.6911
-4.16 -6.02991
-0.98 -1.52616
-0.807 -1.74551
-2.593 -4.1768
-8.01 -8.12621
-1.99 -1.81868
-1.34 -1.67765
-5.23 -5.34656
-0.18 -2.65643
-2.338 -7.26417
-0.59 -1.45298
0.48 -0.625041
-7.01 -5.8274
-2.68 -1.36461
-3.42 -3.54234
-1.46 -1.59235
0.47 -1.97821
-2.42 -4.08457
-0.82 -1.41304
-8.057 -6.71755
-4.36 -3.33466
-2.05 -3.14893
-2.29 -1.29999
-7.8 -7.40179
-3.62 -5.29437
-2.54 -1.95128
-0.24 -1.09134
-4.63 -2.4957
-5.4 -4.5335
-7.8 -7.27955
-0.29 -1.9158
-3.1 -2.65643
-1.139 -2.56517
-4.21 -7.01847
-3.76 -4.89623
-0.8 -3.33466
-4.15 -4.01288
-2.0 -1.92464
-0.4 -1.24586
-4.2 -4.66516
0.358 -4.33212
-5.382 -3.7684
-4.345 -3.11866
-1.37 -2.17077
-4.7 -4.71855
-4.53 -3.33466
-4.88 -5.14925
-1.66 -3.21411
-9.16 -5.85489
-0.12 -0.951564
-2.3 -3.21832
-1.1 -1.11746
-2.35 -2.5431
-2.06 -3.27663
-7.21 -7.82886
-2.523 -3.43521
-1.47 -1.29999
-7.85 -10.8089
-6.29 -6.56891
-2.24 -1.07448
-2.617 -4.10354
-0.36 -0.992045
-1.92 -2.04032
-2.24 -3.22712
-4.883 -4.76608
-3.592 -3.20481
-4.37 -3.48276
-2.928 -4.27835
-0.7 -1.40325
-8.6 -8.3009
-0.624 -3.50475
-7.66 -7.99519
0.62 -1.86799
-6.78 -5.01163
-3.75 -4.60947
1.57 -0.569328
-3.22 -2.70171
-1.228 -2.22304
-2.55 -1.29999
-1.32 -1.20544
-2.03 -1.97821
-2.37 -1.97821
-6.144 -6.01287
-2.81 -3.15763
-1.64 -6.04755
-1.947 -2.58357
-3.85 -2.85394
-2.36 -2.65643
-1.09 -0.621763
-1.54 -0.859153
-2.59 -2.34963
0.29 -0.569328
-1.155 -1.54317
-3.3 -5.50379
-3.04 -3.20813
-5.67 -4.41031
-2.51 -2.65643
-1.98 -1.65234
-4.16 -4.99968
1.1 -0.621763
-3.09 -5.56799
-1.0 -0.569328
-3.32 -3.99818
-4.328 -3.96251
-6.025 -8.23776
-1.57 -6.12944
-5.54 -3.60624
0.15 -0.804848
-6.9 -9.17912
-2.0 -1.00443
-4.54 -4.83853
-2.16 -1.41954
-0.55 -1.17137
-3.451 -4.03408
-2.39 -4.6911
-0.85 -1.35559
-4.31 -3.97383
-3.03 -2.27214
-2.09 -1.29999
-3.11 -3.62554
-3.69 -6.0375
-1.3 -1.36005
-0.44 -1.54066
-6.307 -8.52011
-1.94 -3.80526
-3.401 -1.95992
-4.4 -3.7458
-2.4 -2.17971
-3.18 -2.87445
-5.84 -6.98717
-3.082 -3.26196
-3.59 -5.69125
-0.466 -2.28805
-2.92 -2.03944
-4.24 -4.6911
-4.92 -2.53458
-1.34 -0.877932
-2.35 -2.34005
0.0 -1.97821
-3.38 -2.78009
-7.82 -7.222
-3.03 -2.50303
-1.52 -1.4106
-1.44 -0.821374
-2.831 -2.0128
-7.28 -7.74648
-3.604 -4.1001
-3.38 -3.01126
-4.576 -4.39194
-2.34 -2.50131
-2.349 -2.32224
-2.98 -9.20933
-3.54 -2.30471
-1.96 -1.97821
-3.2 -3.31858
-3.33 -2.87588
-3.246 -4.30974
-1.87 -0.733474
-2.09 -3.46621
-2.74 -2.18946
-4.72 -4.99432