    0    1
    0    2
    0    4
    0   16
    0   19
    1    2
    1    4
    2   16
    2   17
    3    5
    3   11
    3   12
    3   20
    3   29
    4    6
    5    6
    7    9
    7   10
    7   13
    7   23
    8    9
    8   13
    9   10
   10   14
   11   12
   11   14
   11   29
   12   14
   13   15
   15   26
   16   19
   17   18
   17   20
   17   21
   18   19
   18   21
   19   25
   20   21
   20   27
   20   29
   21   24
   21   25
   21   27
   22   23
   22   26
   22   28
   24   26
   24   28
   27   28
   27   29
   28   29

