-30.2797 116.6608  
-30.6428 116.0058  
-30.8431 116.7239 
-31.9414 115.9653
-30.3336 115.5450
-31.0175 115.3289
-30.3031 115.0422
-33.9578 116.1367
-34.3742 115.1300
-33.5381 115.0183
-33.5739 115.8242
-32.7114 116.0592
-32.5028 115.7700
-34.4494 116.0428
-33.1319 115.8806
-34.9447 117.8075
-30.8117 117.8589
-31.6583 117.2494
-31.6358 117.7206
-31.5008 118.2225
-32.1083 116.9225
-32.3303 117.8717
-33.6883 117.5550
-33.8389 117.1511
-33.1028 118.4603
-32.0669 118.3942
-33.9658 118.4875
-32.5353 117.0819
-33.3083 117.3389
-32.6764 116.6686

